50
4 5 3 6 5 1 1 5 1 1 1 2 1 2 1 1 1 2 2 1 1 2 1 1 1 1 1 1 6 5 1 2 3 3 2 3 1 1 1 5 9 1 1 1 1 1 1 1 1 1
40 2 29 -14 26 2 0 2 2
29 2 40 -14 41 -14 26 2 1 2 2
29 2 39 2 15 2 2
30 2 33 -6 39 -6 4 -6 28 -6 3 2 2
36 2 28 -6 3 -6 39 -6 4 2 2
2 2 2
42 2 2
34 2 33 -30 22 2 2 2 39 2 2
7 2 2
4 2 2
9 2 2
43 2 36 -2 2
28 2 2
44 2 36 -2 2
45 2 2
46 2 2
47 2 2
4 2 32 -2 2
17 2 31 -2 2
28 2 2
19 2 2
48 2 41 -2 2
13 2 2
8 2 2
20 2 2
41 2 2
49 2 2
2 2 2
30 2 39 -14 3 -14 4 -14 28 2 33 2 2
29 2 40 -14 0 -14 35 2 1 2 2
38 2 2
39 2 32 2 2
6 2 15 2 23 2 2
24 2 14 2 10 2 2
11 2 4 -2 2
21 2 31 -6 16 2 2
18 2 2
3 2 2
37 2 2
39 2 4 -6 28 -6 3 -6 32 2 2
40 2 1 -254 29 -254 0 2 41 2 28 2 39 2 4 2 3 2 2
41 0 1
42 0 1
43 0 1
44 0 1
45 0 1
46 0 1
47 0 1
48 0 1
49 0 1
