73
1 1 1 2 2 3 1 2 1 1 1 1 1 1 1 1 2 2 3 3 3 2 2 3 1 1 2 1 1 1 2 2 2 2 2 1 1 2 1 2 1 2 1 2 5 1 3 2 1 1 1 3 1 2 2 3 2 3 1 2 2 1 1 1 1 1 1 1 1 1 1 1 1
61 -2 0
3 2 2
41 -2 0
55 2 2 2 2
3 2 54 2 2
17 2 41 -2 13 6 2
9 2 2
13 2 17 2 2
17 2 2
41 -2 0
17 2 2
9 2 2
17 2 2
62 2 2
5 2 2
7 2 2
8 2 59 2 2
9 2 18 -2 2
12 2 14 -2 16 -2 2
63 2 64 2 65 2 2
57 -2 46 -2 44 -2 0
46 -2 44 -2 0
46 -2 44 -2 0
41 6 46 2 44 2 8
46 -2 0
46 -2 0
54 2 3 2 2
3 2 2
3 2 2
41 -2 0
39 2 41 -2 2
39 2 41 -2 2
54 2 3 2 2
17 2 41 -2 2
43 -2 42 -2 0
46 -2 0
46 -2 0
54 2 3 2 2
17 2 2
60 2 29 2 2
31 2 2
34 2 55 -2 2
35 2 2
36 2 55 -2 2
38 6 56 -2 47 -2 58 -6 48 -6 4
3 2 2
61 6 44 2 57 2 8
66 2 64 2 2
67 2 2
3 2 2
3 2 2
41 -2 43 -2 42 -2 0
46 -2 0
41 -2 42 -2 0
50 2 55 2 2
68 2 19 -6 69 2 2
51 2 64 2 2
52 2 48 -2 58 -2 2
70 2 2
15 2 71 2 2
40 2 72 2 2
61 0 1
62 0 1
63 0 1
64 0 1
65 0 1
66 0 1
67 0 1
68 0 1
69 0 1
70 0 1
71 0 1
72 0 1
