44
3 1 1 2 3 4 4 1 3 4 5 5 1 3 3 1 1 1 3 1 4 3 1 2 1 1 1 1 2 1 2 1 1 1 1 1 1 1 1 1 1 1 1 1
39 2 34 -2 26 -2 2
23 2 2
13 2 2
8 2 30 -2 0
39 4 0 -4 8 4 4
25 2 39 2 33 2 0 -2 6
15 6 16 6 38 6 37 6 12
8 2 2
6 2 7 -6 9 2 2
40 -2 41 -2 11 -14 34 2 -2
20 2 3 6 4 6 21 -6 18 2 14
20 -2 4 2 8 2 19 2 14 -2 -2
23 2 2
2 6 42 -2 35 2 6
39 -2 8 -2 34 -2 0
28 2 2
17 2 2
43 2 2
11 6 8 -2 39 -2 4
8 2 2
39 2 11 14 34 -2 23 -2 12
27 2 43 -2 4 -2 2
31 2 2
24 2 22 2 4
8 2 2
43 2 2
29 2 2
43 -2 0
43 2 8 2 4
13 2 2
43 -2 0 -2 0
43 2 2
41 2 2
26 2 2
5 2 2
36 2 2
43 2 2
1 2 2
12 2 2
43 2 2
40 0 1
41 0 1
42 0 1
43 0 1
