68
2 2 2 1 1 3 1 2 1 1 2 1 3 4 2 1 1 1 2 1 1 2 1 3 1 2 2 1 1 3 1 1 1 2 1 1 1 1 3 1 1 1 1 3 3 2 3 2 2 1 3 1 1 1 1 3 1 2 1 4 1 1 1 1 1 1 1 1
56 2 57 2 4
29 2 59 2 4
43 2 62 -2 2
9 2 2
22 2 2
14 6 7 -2 6 -2 4
54 2 2
21 2 20 2 2
49 2 2
24 2 2
59 2 22 2 2
27 2 2
2 2 16 2 52 2 6
26 2 10 2 4 2 46 2 8
21 2 1 2 2
45 2 2
9 2 2
32 2 2
63 2 25 2 2
22 2 2
22 2 2
29 2 22 2 2
33 2 2
28 2 51 2 62 -2 4
55 2 2
59 2 22 2 2
59 2 22 2 2
45 2 2
17 2 2
36 2 38 2 41 6 4
64 2 2
12 2 2
47 2 2
50 2 34 2 2
12 2 2
12 2 2
34 2 2
31 2 2
35 2 34 2 31 2 2
31 2 2
12 2 2
12 2 2
12 2 2
18 2 23 2 30 6 4
15 2 11 2 65 -2 4
18 2 30 2 2
56 2 57 2 1 6 4
60 2 66 2 4
5 2 14 2 4
22 2 2
52 2 42 2 44 2 6
3 2 2
53 2 2
24 2 2
22 2 2
30 2 23 2 18 2 2
22 2 2
29 2 59 2 4
22 2 2
37 2 39 2 67 -2 40 14 4
61 2 2
0 2 2
62 0 1
63 0 1
64 0 1
65 0 1
66 0 1
67 0 1
