128
0 2 4 6 8 10 12 14 16 18 20 22 24 26 28 30 32 34 36 38 40 42 44 46 48 50 52 54 56 58 60 62 64 66 68 70 72 74 76 78 80 82 84 86 88 90 92 94 96 98 100 102 104 106 108 110 112 114 116 118 120 122 124 126 3 5 7 9 11 13 15 17 19 21 23 25 27 29 31 33 35 37 39 41 43 45 47 49 51 53 55 57 59 61 63 65 67 69 71 73 75 77 79 81 83 85 87 89 91 93 95 97 99 101 103 105 107 109 111 113 115 117 119 121 123 125 127 1 
189
0 2
0 4
0 6
0 8
0 10
0 12
0 14
0 16
0 18
0 20
0 22
0 24
0 26
0 28
0 30
0 32
0 34
0 36
0 38
0 40
0 42
0 44
0 46
0 48
0 50
0 52
0 54
0 56
0 58
0 60
0 62
0 64
0 66
0 68
0 70
0 72
0 74
0 76
0 78
0 80
0 82
0 84
0 86
0 88
0 90
0 92
0 94
0 96
0 98
0 100
0 102
0 104
0 106
0 108
0 110
0 112
0 114
0 116
0 118
0 120
0 122
0 124
0 126
2 3
4 5
6 7
8 9
10 11
12 13
14 15
16 17
18 19
20 21
22 23
24 25
26 27
28 29
30 31
32 33
34 35
36 37
38 39
40 41
42 43
44 45
46 47
48 49
50 51
52 53
54 55
56 57
58 59
60 61
62 63
64 65
66 67
68 69
70 71
72 73
74 75
76 77
78 79
80 81
82 83
84 85
86 87
88 89
90 91
92 93
94 95
96 97
98 99
100 101
102 103
104 105
106 107
108 109
110 111
112 113
114 115
116 117
118 119
120 121
122 123
124 125
126 127
3 5
5 7
7 9
9 11
11 13
13 15
15 17
17 19
19 21
21 23
23 25
25 27
27 29
29 31
31 33
33 35
35 37
37 39
39 41
41 43
43 45
45 47
47 49
49 51
51 53
53 55
55 57
57 59
59 61
61 63
63 65
65 67
67 69
69 71
71 73
73 75
75 77
77 79
79 81
81 83
83 85
85 87
87 89
89 91
91 93
93 95
95 97
97 99
99 101
101 103
103 105
105 107
107 109
109 111
111 113
113 115
115 117
117 119
119 121
121 123
123 125
125 127
127 1
