116
109 108 105 104 101 100 97 96 44 43 42 41 40 107 103 99 95 4 9 14 19 24 29 34 39 3 8 13 18 23 28 33 38 2 7 12 17 22 27 32 37 1 6 11 16 21 26 31 36 0 5 10 15 20 25 30 35 113 111 48 54 60 66 72 78 84 90 47 53 59 65 71 77 83 89 46 52 58 64 70 76 82 88 115 50 56 62 68 74 80 86 92 49 55 61 67 73 79 85 91 45 51 57 63 69 75 81 87 93 94 98 102 106 110 112 114 
156
109 107
108 107
105 103
104 103
101 99
100 99
97 95
96 95
44 4
44 9
44 14
44 19
44 24
44 29
44 34
44 39
43 3
43 8
43 13
43 18
43 23
43 28
43 33
43 38
42 2
42 7
42 12
42 17
42 22
42 27
42 32
42 37
41 1
41 6
41 11
41 16
41 21
41 26
41 31
41 36
40 0
40 5
40 10
40 15
40 20
40 25
40 30
40 35
107 113
103 113
99 111
95 111
4 48
9 54
14 60
19 66
24 72
29 78
34 84
39 90
3 48
8 54
13 60
18 66
23 72
28 78
33 84
38 90
2 47
7 53
12 59
17 65
22 71
27 77
32 83
37 89
1 47
6 53
11 59
16 65
21 71
26 77
31 83
36 89
0 46
5 52
10 58
15 64
20 70
25 76
30 82
35 88
113 115
111 115
48 50
54 56
60 62
66 68
72 74
78 80
84 86
90 92
47 50
53 56
59 62
65 68
71 74
77 80
83 86
89 92
46 49
52 55
58 61
64 67
70 73
76 79
82 85
88 91
115 45
50 51
56 57
62 63
68 69
74 75
80 81
86 87
92 93
49 51
55 57
61 63
67 69
73 75
79 81
85 87
91 93
51 94
57 94
63 98
69 98
75 102
81 102
87 106
93 106
94 95
94 110
98 99
98 110
102 103
102 112
106 107
106 112
110 111
110 114
112 113
112 114
114 115
