128
7 6 5 4 3 2 1 0 114 100 86 72 58 44 30 16 115 101 87 73 59 45 31 17 116 102 88 74 60 46 32 18 117 103 89 75 61 47 33 19 118 104 90 76 62 48 34 20 119 105 91 77 63 49 35 21 120 106 92 78 64 50 36 22 121 107 93 79 65 51 37 23 122 108 94 80 66 52 38 24 123 109 95 81 67 53 39 25 124 110 96 82 68 54 40 26 125 111 97 83 69 55 41 27 126 112 98 84 70 56 42 28 127 113 99 85 71 57 43 29 15 14 13 12 11 10 9 8 
120
7 114
6 100
5 86
4 72
3 58
2 44
1 30
0 16
114 115
100 101
86 87
72 73
58 59
44 45
30 31
16 17
115 116
101 102
87 88
73 74
59 60
45 46
31 32
17 18
116 117
102 103
88 89
74 75
60 61
46 47
32 33
18 19
117 118
103 104
89 90
75 76
61 62
47 48
33 34
19 20
118 119
104 105
90 91
76 77
62 63
48 49
34 35
20 21
119 120
105 106
91 92
77 78
63 64
49 50
35 36
21 22
120 121
106 107
92 93
78 79
64 65
50 51
36 37
22 23
121 122
107 108
93 94
79 80
65 66
51 52
37 38
23 24
122 123
108 109
94 95
80 81
66 67
52 53
38 39
24 25
123 124
109 110
95 96
81 82
67 68
53 54
39 40
25 26
124 125
110 111
96 97
82 83
68 69
54 55
40 41
26 27
125 126
111 112
97 98
83 84
69 70
55 56
41 42
27 28
126 127
112 113
98 99
84 85
70 71
56 57
42 43
28 29
127 15
113 14
99 13
85 12
71 11
57 10
43 9
29 8
