108
70 69 20 19 6 5 4 2 1 0 66 67 68 16 17 18 98 58 59 61 91 82 48 8 9 11 41 32 79 71 29 21 99 72 74 60 92 83 49 22 24 10 42 33 81 106 31 56 100 73 75 62 93 84 50 23 25 12 43 34 107 80 57 30 101 77 76 78 94 85 51 27 26 28 44 35 105 55 102 63 65 64 95 86 52 13 15 14 45 36 7 3 103 96 87 53 46 37 104 97 88 54 47 38 89 39 90 40 
134
70 66
70 67
70 68
69 66
69 67
69 68
20 16
20 17
20 18
19 16
19 17
19 18
6 98
6 58
6 59
6 61
5 91
5 59
4 82
4 58
2 48
2 8
2 9
2 11
1 41
1 9
0 32
0 8
66 79
67 71
68 71
16 29
17 21
18 21
98 99
58 72
59 74
61 60
91 92
91 60
82 83
48 49
8 22
9 24
11 10
41 42
41 10
32 33
79 81
71 106
29 31
21 56
99 100
72 73
74 75
60 62
92 93
83 84
83 62
49 50
22 23
24 25
10 12
42 43
33 34
33 12
81 107
106 80
31 57
56 30
100 101
73 77
75 76
62 78
93 94
84 85
50 51
23 27
25 26
12 28
43 44
34 35
107 105
80 105
57 55
30 55
101 102
77 63
77 65
76 64
76 65
78 63
78 64
94 95
85 86
51 52
27 13
27 15
26 14
26 15
28 13
28 14
44 45
35 36
105 7
55 3
102 103
63 66
65 68
64 67
95 96
86 87
52 53
13 16
15 18
14 17
45 46
36 37
103 104
96 97
87 88
53 54
46 47
37 38
104 81
97 81
88 89
54 31
47 31
38 39
89 90
39 40
90 105
40 55
