61
13 7 6 5 4 3 2 1 0 22 42 17 16 15 14 12 11 10 9 30 50 26 46 25 45 24 44 23 43 21 41 20 40 19 39 18 38 34 54 27 47 31 51 29 49 28 48 35 55 33 53 32 52 37 57 36 56 58 59 60 8 
69
13 22
13 42
7 17
6 16
5 15
4 14
3 12
2 11
1 10
0 9
22 30
42 50
17 26
17 46
16 25
16 45
15 24
15 44
14 23
14 43
12 21
12 41
11 20
11 40
10 19
10 39
9 18
9 38
30 34
50 54
26 27
46 47
25 31
45 51
24 31
44 51
23 30
43 50
21 29
41 49
20 29
40 49
19 28
39 48
18 28
38 48
34 35
54 55
27 33
47 53
31 32
51 52
29 34
49 54
28 33
48 53
35 37
55 57
33 36
53 56
32 36
52 56
37 58
57 59
36 37
56 57
58 60
59 60
60 8
