188
1 3 1 2 1 1 2 2 1 2 3 1 2 1 3 1 1 2 2 1 2 2 1 1 1 1 2 1 7 3 2 2 2 2 3 2 1 1 1 1 1 1 1 2 1 1 1 10 4 1 3 4 4 2 1 4 9 1 6 3 4 4 1 3 6 3 5 5 5 8 4 1 1 4 3 2 1 1 1 1 1 1 1 5 2 1 4 1 2 4 3 1 1 1 2 1 1 5 2 1 1 3 1 2 3 1 7 1 1 1 1 3 1 1 1 1 1 1 3 2 4 2 2 2 2 2 1 2 1 4 5 4 6 2 1 1 3 1 2 1 3 2 3 2 1 2 1 2 2 1 1 2 5 1 1 1 1 1 1 1 1 1 1 1 1 1 1 1 1 1 1 1 1 1 1 1 1 1 1 1 1 1 1 1 1 1 1 1
105 2 2
131 2 86 2 24 2 2
103 2 2
101 2 147 2 2
9 2 2
120 2 2
4 2 9 2 4
154 2 141 2 2
20 2 2
11 2 109 2 2
138 2 155 2 7 2 2
10 2 2
156 2 157 2 2
141 2 2
141 2 158 2 13 2 6
76 2 2
15 2 2
26 2 7 2 4
8 2 123 2 2
88 -2 0
17 2 112 2 2
110 2 111 2 2
34 2 2
150 2 2
90 2 2
131 2 2
27 2 138 2 4
7 2 2
126 6 132 38 97 38 130 -2 118 -2 129 -6 28 26 80
13 2 141 2 10 6 4
3 2 37 2 4
136 2 43 2 4
159 2 141 2 4
13 2 159 2 2
22 6 134 2 140 -2 2
141 2 134 2 2
0 -2 0
113 2 2
87 2 2
160 2 2
161 2 2
162 2 2
163 2 2
87 2 136 2 2
140 2 2
156 2 2
164 2 2
131 36 151 12 97 12 28 -428 130 -428 2 84 1 24 119 4 140 4 44 84 32
47 2 165 6 166 6 167 2 14
50 -2 0
6 2 99 2 141 2 2
97 6 34 2 130 2 151 6 14
51 2 168 6 169 6 170 2 14
78 2 159 2 2
159 2 2
171 2 172 2 173 2 174 2 8
97 18 130 18 98 18 151 18 118 18 129 -2 28 -14 134 -2 132 -2 76
175 2 2
97 12 28 -12 140 -24 98 12 132 -12 134 -12 -24
97 2 130 2 151 2 6
176 2 177 6 171 6 59 2 14
131 2 129 2 132 2 130 2 2
178 2 2
97 2 130 2 151 2 6
63 2 53 6 177 6 130 6 118 6 179 2 26
177 2 180 2 181 2 6
58 2 171 6 173 6 67 -6 182 2 14
28 2 97 30 132 2 126 2 98 2 32
58 2 67 6 171 6 173 6 182 2 20
79 250 34 6 151 6 97 6 28 -6 140 -2 119 -2 78 -6 16
69 2 71 6 171 6 183 2 14
133 -2 0
133 2 2
69 2 171 6 72 6 183 2 14
177 2 184 2 185 2 6
186 2 85 2 2
111 2 2
57 2 2
129 2 2
34 2 2
152 2 2
89 2 2
125 2 2
85 2 128 -30 66 2 75 2 62 2 2
53 2 54 2 4
66 2 2
152 2 20 2 92 6 95 6 4
148 2 2
104 2 117 2 2
12 6 85 2 173 2 14 6 4
114 2 5 2 104 2 2
94 2 2
94 2 2
94 2 2
32 2 33 2 4
139 2 2
117 2 2
12 14 141 14 16 6 103 6 36 -6 12
49 -2 28 -2 0
144 2 2
10 2 2
18 6 102 2 146 2 4
125 2 2
91 2 93 2 2
152 2 18 2 102 2 2
107 2 2
12 2 45 2 66 6 124 6 31 6 121 6 26 6 4
106 2 2
150 2 2
21 2 2
41 2 2
148 2 82 2 87 2 2
26 2 2
116 2 2
121 2 2
21 2 2
120 2 2
122 2 2
143 4 130 4 118 4 8
140 2 34 -2 2
23 6 8 2 20 2 108 6 4
137 2 115 2 2
123 2 10 2 2
39 2 26 2 2
31 2 173 2 2
148 2 38 2 2
143 2 2
134 2 130 2 2
130 2 2
46 2 127 -14 48 2 65 2 2
60 2 65 2 74 2 64 2 52 2 2
103 2 145 2 34 -10 84 6 4
66 2 70 2 55 2 135 2 89 2 83 2 2
73 2 68 2 2
70 2 2
66 2 2
29 6 173 2 66 2 4
43 2 2
7 2 27 2 2
144 2 2
140 2 34 -6 129 2 2
156 2 12 2 4
28 2 151 2 97 2 6
142 2 187 2 2
77 2 2
53 2 54 2 4
125 2 2
80 2 152 2 4
81 2 13 2 4
40 2 2
149 2 2
151 2 133 2 2
153 6 100 6 20 2 112 2 146 6 4
138 2 2
154 0 1
155 0 1
156 0 1
157 0 1
158 0 1
159 0 1
160 0 1
161 0 1
162 0 1
163 0 1
164 0 1
165 0 1
166 0 1
167 0 1
168 0 1
169 0 1
170 0 1
171 0 1
172 0 1
173 0 1
174 0 1
175 0 1
176 0 1
177 0 1
178 0 1
179 0 1
180 0 1
181 0 1
182 0 1
183 0 1
184 0 1
185 0 1
186 0 1
187 0 1
