104
1 5 1 2 2 1 1 4 1 2 2 1 2 2 10 9 12 12 8 15 7 8 1 3 9 2 1 1 2 1 2 1 1 1 1 3 1 1 1 2 1 3 2 3 2 3 2 2 3 3 6 3 3 1 1 1 2 2 4 2 2 1 1 2 8 1 1 1 1 3 4 2 2 3 1 3 1 1 1 1 1 1 1 1 1 1 1 1 1 1 1 1 1 1 1 1 1 1 1 1 1 1 1 1
29 2 2
76 6 51 2 40 6 77 -6 49 2 14
1 2 2
7 2 8 2 4
48 -2 1 -2 -2
27 2 2
14 2 2
46 2 22 2 77 -10 28 6 4
28 2 2
42 2 25 -2 2
46 2 33 2 2
53 2 2
42 2 78 -2 2
6 2 56 2 4
79 2 80 506 67 -510 81 2 82 2 83 2 84 2 85 2 86 2 13 -2 0
81 2 80 126 87 126 67 -126 79 2 83 2 84 2 85 2 86 2 254
88 2 89 766 80 766 67 -766 87 -254 81 2 79 2 82 258 90 2 84 2 86 2 91 2 1534
92 2 80 510 93 510 87 -510 67 -510 79 2 88 2 90 2 94 2 84 2 86 2 91 2 1022
88 2 89 126 87 126 92 2 81 2 83 2 86 2 91 2 254
81 12 87 16372 93 16372 88 12 92 12 90 4096 94 4108 95 12 84 4100 80 4100 86 12 91 12 79 12 83 12 85 12 24572
88 2 89 30 93 30 87 -30 92 2 90 2 91 2 62
88 2 93 254 92 2 81 2 94 2 83 2 95 2 91 2 256
30 2 2
14 2 51 2 24 2 2
14 2 21 2 19 2 16 2 18 2 20 2 15 2 17 2 64 2 2
46 -2 1 -2 -2
33 2 2
53 2 2
37 2 35 2 4
48 2 2
31 2 58 2 2
57 2 2
57 2 2
43 2 2
38 2 2
38 2 31 2 32 2 2
38 2 2
31 2 2
57 2 2
61 2 96 2 4
96 2 2
14 2 21 2 17 2 2
22 2 97 -2 2
35 2 34 2 36 2 2
28 2 22 2 2
76 2 44 2 39 2 6
22 2 76 2 4
46 2 22 2 4
24 2 57 6 41 2 8
65 2 50 2 55 -2 4
16 2 98 62 18 2 20 2 23 2 59 2 64
50 2 65 -2 55 -2 2
76 2 5 2 11 2 6
14 2 2
4 2 2
99 2 2
62 2 63 -2 2
70 2 75 2 2
59 6 100 2 2 -6 48 2 8
69 2 60 -2 2
23 2 68 -2 2
74 -2 0
59 2 2
101 2 14 2 4
14 2 21 2 19 2 16 2 15 2 18 2 20 2 17 2 2
102 2 2
14 2 2
66 2 2
23 2 2
103 2 24 2 47 -2 4
103 2 51 2 101 2 98 2 8
14 2 100 2 4
14 2 100 2 4
19 2 100 6 14 2 8
1 -2 0
14 6 51 2 49 2 8
76 0 1
77 0 1
78 0 1
79 0 1
80 0 1
81 0 1
82 0 1
83 0 1
84 0 1
85 0 1
86 0 1
87 0 1
88 0 1
89 0 1
90 0 1
91 0 1
92 0 1
93 0 1
94 0 1
95 0 1
96 0 1
97 0 1
98 0 1
99 0 1
100 0 1
101 0 1
102 0 1
103 0 1
