53
5 6 3 2 2 2 4 1 1 3 1 2 1 2 2 3 3 2 5 2 4 4 5 1 8 2 3 2 3 1 2 3 1 5 1 2 6 2 2 2 3 1 3 3 1 1 3 3 1 1 3 1 1
29 6 0 2 52 2 31 -6 33 -6 8
2 6 44 10 31 10 5 10 30 2 6 2 34
26 2 5 6 30 2 8
37 2 3 2 2
4 2 37 2 2
5 2 35 -2 2
2 6 30 6 5 6 34 -6 6
9 2 2
10 2 2
18 2 5 6 36 2 8
36 2 2
32 2 40 2 4
5 2 2
52 2 0 2 2
52 2 15 -2 2
28 2 25 6 22 2 8
18 2 45 2 10 2 2
18 2 16 2 2
9 14 31 14 44 2 20 -2 23 -2 2
20 2 49 2 2
51 6 31 6 48 2 40 2 4
7 2 37 6 24 -6 8 2 8
48 6 49 6 15 6 14 2 52 2 4
24 2 2
15 202 46 10 16 -54 21 -54 47 10 7 2 37 6 8 2 8
15 2 47 2 2
3 2 5 6 26 2 8
52 2 4 2 4
22 2 4 6 24 2 8
4 2 2
3 2 30 2 2
18 2 5 6 36 2 8
36 2 2
16 6 23 -6 19 -6 36 14 0 14 6
5 2 2
1 2 5 2 4
13 2 19 -30 27 -30 12 2 0 2 1 2 2
7 2 8 2 2
15 2 14 2 2
33 2 32 2 2
5 2 30 -2 26 -2 2
40 2 2
7 2 21 2 37 2 6
8 2 21 2 37 2 6
42 2 2
43 2 2
7 2 37 2 21 -2 4
8 2 37 2 21 -2 4
46 2 2
47 2 2
7 2 41 2 37 2 6
50 2 2
52 0 1
