55
2 3 2 1 4 2 1 1 4 3 1 3 4 2 3 2 2 3 1 5 1 1 1 3 4 2 1 2 1 3 1 2 1 1 3 4 2 1 1 2 1 1 1 1 1 2 5 3 2 1 1 1 1 1 1
28 2 33 -2 2
20 6 12 2 2 2 8
19 2 46 2 2
49 2 2
13 2 47 2 5 -2 10 -2 4
6 2 0 2 4
25 2 2
6 2 2
50 2 30 -6 17 -6 40 2 2
46 2 19 2 10 2 2
24 2 2
51 2 17 -2 30 -2 2
10 6 37 6 9 2 6 2 14
19 2 0 -2 2
11 2 40 -2 17 -2 2
29 2 17 2 2
47 2 38 2 2
14 2 43 2 8 2 2
45 2 2
41 6 42 14 21 6 52 14 26 10 20
19 2 2
36 2 2
46 2 2
0 2 44 -6 47 2 2
35 2 1 -6 32 -6 21 2 2
46 2 10 2 2
16 2 2
25 2 0 2 4
29 2 2
15 6 36 2 39 2 4
31 2 2
8 2 11 2 2
46 2 2
47 2 2
48 2 27 2 45 -2 4
36 2 0 -6 10 -6 30 2 2
39 2 31 2 2
10 2 2
43 2 2
17 2 37 -2 2
10 2 2
43 2 2
3 2 2
53 2 2
27 2 2
47 2 0 -2 2
41 6 52 14 21 14 26 10 42 6 20
46 2 54 6 3 2 8
28 2 10 2 4
49 0 1
50 0 1
51 0 1
52 0 1
53 0 1
54 0 1
