60
2 2 5 6 3 2 6 3 2 6 3 5 3 4 5 2 6 2 3 4 3 7 4 5 4 4 4 3 7 5 6 2 2 6 4 2 3 3 3 3 2 4 3 2 4 2 2 3 3 2 4 4 3 3 1 1 1 1 1 1
33 2 1 -2 2
6 2 1 2 2
6 2 30 -6 1 -6 3 -6 19 2 2
46 2 19 -6 2 -6 1 -6 9 -6 33 2 2
10 2 21 2 1 -2 4
48 2 1 -2 2
19 2 2 6 1 -38 20 -6 9 26 51 2 8
13 2 1 -2 42 -2 2
12 2 1 -2 2
15 22 7 10 13 6 11 -2 23 2 1 -22 28
31 2 37 2 1 -2 4
33 6 9 -10 1 -10 4 2 21 2 4
48 2 1 -6 26 2 2
15 2 14 2 53 -2 1 -2 4
46 2 1 -30 32 2 33 2 10 2 2
33 2 1 -2 2
36 2 16 2 1 -10 23 -10 54 -10 41 6 4
42 2 1 -2 2
26 2 1 -6 52 2 2
47 6 1 -10 4 2 21 2 4
33 2 2 -2 1 -2 2
54 2 22 14 34 -14 1 -14 43 -14 23 2 55 2 16
47 2 1 -14 32 2 46 2 2
46 2 1 -14 47 -14 32 2 33 2 2
23 2 25 2 24 -2 1 -2 4
23 6 46 2 33 2 1 -6 8
27 6 23 2 54 2 1 -6 8
10 2 47 2 1 -2 4
21 2 1 -30 56 -30 44 -30 40 2 24 2 26 2 2
56 10 1 -22 48 2 52 -6 26 2 2
26 2 46 2 37 2 33 2 9 -2 1 -2 8
41 2 1 -2 2
37 2 1 -2 2
37 14 1 -50 50 14 11 2 51 2 20 2 6
21 2 57 -6 1 -6 34 2 2
46 2 1 -2 2
58 2 1 -6 42 2 2
36 2 1 -6 41 2 2
36 2 1 -6 18 2 2
46 2 1 -2 35 -2 2
33 2 1 -2 2
18 2 16 -6 1 -6 38 2 2
45 2 7 -2 1 -2 2
17 2 1 -2 2
28 2 54 -2 1 -2 23 -2 2
36 2 1 -2 2
28 2 1 -2 2
47 2 1 -6 28 2 2
55 2 5 -2 1 -2 2
33 2 1 -2 2
59 6 1 -10 37 2 49 2 4
49 2 20 -2 1 -2 0 -2 2
29 2 1 -2 12 -2 2
15 2 42 2 1 -2 4
54 0 1
55 0 1
56 0 1
57 0 1
58 0 1
59 0 1
