41
1 1 4 1 2 4 3 1 4 1 2 3 3 4 2 1 1 4 3 2 1 2 1 2 2 1 1 1 1 3 1 1 1 1 1 1 1 1 3 1 1
25 2 2
29 2 2
13 2 3 2 24 2 17 -2 6
38 2 2
38 2 1 -2 2
20 2 38 6 6 -6 12 2 8
25 2 4 -2 38 -2 2
11 2 2
2 2 17 -6 12 2 10 10 2
8 2 2
8 2 17 -2 2
2 2 17 -6 12 2 2
10 2 37 -6 15 2 2
8 2 1 -6 17 -6 7 2 2
9 2 8 2 4
34 2 2
39 2 2
25 6 24 -6 8 -2 10 -2 4
1 2 0 -6 26 2 2
25 2 18 -2 2
21 2 2
22 2 1 -2 2
35 2 2
1 2 38 2 2
5 2 6 -2 2
19 -2 0
36 2 2
16 2 2
16 2 2
27 2 28 2 30 -2 4
38 2 2
34 2 2
40 2 2
40 2 2
32 2 2
34 2 2
31 2 2
35 2 2
20 2 23 -6 14 2 2
39 0 1
40 0 1
