67
1 2 1 1 4 4 5 5 2 3 1 1 3 1 3 3 3 1 1 1 2 1 1 2 2 1 3 1 2 3 2 1 3 1 1 1 1 1 3 1 2 2 1 1 1 1 3 3 1 2 1 1 4 1 1 5 4 4 1 4 3 5 1 1 1 1 1
41 2 2
20 2 14 2 2
17 2 2
0 -2 0
6 2 7 -6 5 -6 57 2 2
61 2 57 -6 3 -6 59 2 2
49 2 5 -14 7 -14 15 2 23 2 2
61 2 3 -6 4 -6 57 -6 59 2 2
13 2 55 -2 2
12 2 56 -2 55 -2 2
12 2 2
62 2 2
0 2 38 2 21 2 2
38 2 2
15 2 52 -6 16 2 2
23 2 24 2 22 -2 4
18 2 52 -2 0 -2 2
14 2 2
36 2 2
1 2 2
49 2 14 2 2
31 2 2
59 2 2
24 2 57 2 2
53 2 23 2 2
60 2 2
47 2 39 2 0 6 4
59 2 2
54 2 27 2 4
27 2 54 2 63 -2 4
37 2 43 -2 2
33 2 2
0 2 1 -6 57 2 2
45 2 2
33 2 2
44 2 2
4 2 2
35 2 2
61 2 34 2 21 2 2
51 -2 0
27 2 54 2 4
41 2 42 -2 2
57 2 2
64 -2 0
49 2 2
46 2 2
27 2 54 2 63 6 4
64 6 62 2 65 2 4
14 -2 0
20 2 43 -2 0
36 2 2
11 -2 0
61 2 50 -6 57 -6 59 2 2
30 2 2
14 -2 0
57 2 38 -2 0 -2 32 -2 9 -2 2
57 2 9 -2 0 -2 38 -2 2
19 6 32 -6 43 -6 30 6 0
26 2 2
61 4 58 4 66 4 43 0 4
9 4 10 4 8 0 8
29 8 48 8 28 8 26 0 30 0 24
62 0 1
63 0 1
64 0 1
65 0 1
66 0 1
