87
2 5 4 1 1 1 1 1 2 1 1 1 3 2 2 2 2 2 2 1 1 3 2 2 1 2 2 1 2 4 1 2 2 3 4 1 1 1 1 1 1 1 1 1 3 3 2 1 1 2 6 1 1 2 2 3 5 4 1 4 5 4 5 4 2 2 2 1 1 2 2 1 1 1 1 1 1 1 1 1 1 1 1 1 1 1 1
63 2 71 -2 2
72 2 42 2 46 2 73 -2 74 -2 6
63 2 27 -2 7 -2 3 -2 2
1 -2 0
30 2 2
4 2 2
5 2 2
1 -2 0
63 2 43 2 2
63 2 2
63 2 2
63 2 2
10 2 63 2 71 -2 4
8 2 9 2 2
34 2 75 2 2
24 2 25 2 2
29 2 26 2 2
47 2 41 2 2
47 2 6 2 2
36 2 2
1 -2 0
26 6 19 2 46 2 4
21 2 14 2 4
6 -2 40 -2 0
76 2 2
76 2 23 -2 2
29 2 56 2 2
1 -2 0
77 2 15 2 4
28 2 34 2 57 -2 56 -2 4
48 2 2
59 -2 58 -2 0
47 2 19 2 2
32 -2 56 -2 57 -2 0
58 -2 56 -2 57 -2 59 -2 0
63 2 2
52 2 2
39 2 2
29 2 2
51 2 2
43 2 2
78 2 2
78 2 2
38 2 2
41 2 1 2 19 2 2
22 2 79 2 53 6 4
45 2 80 -2 2
37 2 2
22 2 2
9 2 8 2 2
63 6 44 6 6 6 19 6 8 -2 20 -2 0
70 2 2
53 2 2
26 2 54 -2 2
22 2 57 -2 2
13 2 71 2 63 2 6
29 2 34 2 81 -2 59 -2 82 -2 4
22 2 56 2 82 -2 81 -2 4
63 2 2
43 2 71 2 63 2 19 2 2
29 2 34 2 56 -2 83 -2 57 -2 4
18 2 60 2 84 -2 85 -2 4
29 2 34 2 56 -2 83 -2 57 -2 4
17 2 62 2 84 -2 86 -2 4
56 2 57 2 2
56 2 57 2 2
56 2 57 2 2
58 2 2
59 2 2
8 2 9 2 2
16 2 58 -2 2
71 0 1
72 0 1
73 0 1
74 0 1
75 0 1
76 0 1
77 0 1
78 0 1
79 0 1
80 0 1
81 0 1
82 0 1
83 0 1
84 0 1
85 0 1
86 0 1
