81
1 2 2 2 4 4 1 5 6 3 2 2 2 3 7 8 1 1 1 1 1 5 1 1 1 2 1 2 1 1 1 1 2 2 1 1 2 1 1 4 1 3 1 1 1 1 6 1 6 5 4 1 2 2 3 4 2 3 1 1 1 1 1 1 5 9 1 1 1 1 1 1 1 1 1 1 1 1 1 1 1
62 2 2
4 2 46 2 2
44 2 59 2 4
12 2 57 2 2
28 2 11 2 5 -2 39 -2 4
39 2 46 -2 4 -2 1 -2 2
46 2 2
65 2 11 -14 50 -14 44 2 7 2 2
50 2 67 -14 65 -14 11 -14 44 2 8 2 2
64 2 50 6 30 2 8
13 2 68 2 2
49 2 50 -2 2
14 2 69 2 4
70 2 46 -6 71 2 2
14 2 48 -14 15 -14 55 -14 64 -14 51 2 52 2 2
59 2 48 -14 49 -14 18 -14 64 -14 14 -14 58 2 15 2 2
38 2 2
9 2 2
44 2 2
43 2 2
72 2 2
56 2 55 -30 9 2 37 2 64 2 2
21 2 2
15 2 2
23 2 2
73 2 58 -2 2
48 2 2
74 2 58 -2 2
75 2 2
76 2 2
77 2 2
78 2 2
15 2 54 -2 2
32 2 53 -2 2
48 2 2
34 2 2
79 2 67 -2 2
27 2 2
45 2 2
5 2 13 -6 11 6 43 2 8
22 2 2
36 2 44 -6 35 2 2
67 2 2
68 2 2
80 2 2
39 2 2
11 6 65 -6 5 -6 39 -6 13 -2 57 2 6
9 2 2
48 6 15 -6 64 -6 14 -6 51 30 55 30 6
49 2 67 -2 65 -2 44 -2 50 -2 2
8 10 57 6 65 -2 7 -2 10
61 2 2
61 2 0 -2 2
64 2 54 2 2
20 2 30 2 40 2 2
28 2 41 2 29 2 24 2 2
25 2 15 -2 2
41 2 53 -6 31 2 2
33 2 2
44 2 2
14 2 2
60 2 2
63 2 2
48 2 2
64 2 48 -6 15 -6 14 -6 54 2 2
65 18 67 18 64 6 50 -6 48 18 7 6 8 -6 15 18 14 18 0
5 2 2
67 0 1
68 0 1
69 0 1
70 0 1
71 0 1
72 0 1
73 0 1
74 0 1
75 0 1
76 0 1
77 0 1
78 0 1
79 0 1
80 0 1
