139
1 4 1 2 1 2 8 1 4 1 2 1 2 1 4 2 7 4 8 5 6 3 6 4 5 1 9 4 5 7 5 5 3 3 3 3 2 4 1 1 3 7 6 11 7 8 4 4 6 2 3 3 8 9 6 4 2 7 2 2 1 9 3 2 7 5 7 5 5 6 6 4 7 3 5 4 6 8 1 7 3 4 1 2 2 2 2 3 2 1 13 9 4 4 3 3 1 9 6 3 3 6 3 1 5 1 10 5 5 11 1 1 2 3 8 1 1 2 5 8 4 4 4 4 3 2 8 4 5 3 1 1 1 1 1 1 1 1 1
74 2 2
42 2 130 2 33 2 31 2 8
14 2 2
69 2 68 2 2
117 2 2
7 2 57 2 4
13 12 69 12 67 12 39 36 109 36 6 92 78 -128 63 12 -32
119 2 2
84 2 85 2 83 2 86 2 2
39 2 2
41 2 131 -2 2
10 2 2
13 2 11 2 4
11 2 2
109 6 24 6 81 -2 14 -2 10
109 2 105 -2 2
16 26 102 -34 87 38 109 -2 90 -6 33 6 61 6 16
14 6 24 2 109 2 81 -6 8
15 248 33 8 71 8 32 8 34 8 105 -8 24 0 109 0 248
75 4 68 12 20 -16 19 4 76 4 0
72 14 19 14 109 6 60 6 10 6 22 42 18
17 2 14 2 69 2 6
132 32 72 -4 122 4 10 28 121 4 120 4 28
52 14 23 2 78 -2 46 -2 2
109 6 24 2 79 -10 42 10 113 10 8
116 2 2
33 6 68 90 89 -154 23 -154 34 6 8 34 109 34 32 6 35 6 68
27 0 125 -4 32 0 120 4 0
28 0 69 4 22 8 105 -8 37 4 12
33 -4 88 -32 29 -4 121 28 71 4 123 -4 133 4 -24
122 8 30 -4 34 -4 88 -4 75 -4 -8
123 4 35 4 71 -4 31 4 88 -8 -4
27 6 120 2 32 -2 2
121 2 29 6 33 -2 2
122 2 30 6 34 -2 2
31 6 123 2 35 -2 2
24 2 109 2 4
109 2 24 2 22 6 107 6 4
134 2 2
69 2 2
75 2 68 6 76 2 8
33 46 10 -14 41 -50 40 26 11 -18 78 -6 71 34 -44
113 10 130 10 39 -22 42 2 109 -14 78 2 -14
56 2 4 2046 49 2 50 2 51 2 110 2 115 2 54 2 55 2 61 2 111 2 2048
56 2 4 126 61 2 51 2 110 2 115 2 111 2 128
56 2 4 254 49 2 50 2 51 2 53 2 54 2 55 2 256
128 2 124 14 23 2 104 2 16
11 2 61 -6 71 -6 23 2 2
71 0 103 0 39 -4 72 -4 61 -4 91 -4 0
90 2 16 2 2
16 2 104 6 90 2 8
38 2 90 2 16 2 2
61 0 115 108 78 -92 52 -92 53 12 91 84 54 12 55 12 4
101 4 107 8 37 8 58 4 116 12 90 12 99 12 25 12 16 12 12
64 2 54 -30 22 30 109 2 76 2 37 2 32
116 2 28 -14 90 2 38 2 2
16 2 90 2 2
39 12 57 -52 48 -64 47 4 11 4 61 12 103 12 -56
110 2 59 2 2
14 2 22 2 2
77 2 2
90 86 59 42 6 -42 37 126 71 -258 109 18 61 18 16 86 80 -18 80
8 6 23 -2 71 2 6
129 2 109 2 2
33 6 28 6 24 6 17 6 99 6 22 2 109 2 4
101 2 72 2 3 2 29 2 30 2 2
60 22 66 6 113 6 103 22 109 2 24 2 3 22 4
67 0 79 -8 66 -8 65 8 64 8 0
79 6 69 6 65 6 66 6 68 18 12
64 18 68 18 79 -14 69 -14 66 18 67 18 22
79 8 67 8 70 -24 64 -16 66 -16 65 24 -24
71 0 124 8 78 -4 63 4 8
0 10 10 30 73 30 117 -38 72 14 78 -26 19 10 6
72 -4 73 0 63 4 0
68 6 23 10 69 6 12 10 10 18 22
30 14 33 2 75 2 71 -2 4
109 12 24 12 69 36 0 -4 22 20 60 -4 24
101 6 3 102 5 90 68 94 69 94 72 6 90 6 16 6 190
22 -2 0
135 90 109 -34 79 -34 87 6 64 6 101 6 16 6 -10
135 -6 22 -2 132 -2 -2
42 2 130 2 72 -2 71 -2 4
72 2 2
120 2 26 2 4
121 2 26 2 4
122 2 26 2 4
123 2 26 2 4
67 2 9 6 69 2 8
11 2 69 2 4
72 2 2
100 192 130 1728 42 1728 96 -336 90 -1056 127 -336 102 -576 61 576 87 48 21 192 114 192 16 16 33 0 2592
109 32 89 32 93 32 61 48 91 272 99 208 71 -16 6 -48 23 -48 32
78 4 94 4 92 4 93 -8 0
93 4 91 -8 99 4 92 4 0
94 0 92 -4 91 -4 -4
11 2 97 2 2 2 2
95 2 2
123 14 8 210 72 -210 99 -30 63 -30 69 -30 121 14 122 14 120 14 164
71 6 109 18 124 18 98 -6 29 -6 12 6 36
100 2 105 2 108 2 2
11 2 16 6 19 2 8
101 -8 36 -8 127 -8 71 -8 125 16 102 -16 -24
0 -2 72 -2 68 -2 0
101 2 2
45 10 46 -6 104 -18 78 -6 106 10 -8
28 2 2
56 2 4 1022 49 2 50 2 51 2 110 2 53 2 115 2 54 2 55 2 1024
22 6 24 6 109 6 107 -2 79 -2 16
37 6 69 14 23 -6 59 6 17 6 20
31 30 8 210 18 -934 109 -934 82 270 123 30 24 54 80 162 14 54 22 270 29 30 -718
112 2 2
135 2 2
116 2 128 -2 2
68 4 113 0 109 -4 0
72 42 68 42 99 42 98 42 69 98 67 98 109 42 12 42 182
116 2 2
38 2 2
135 2 116 2 2
113 18 109 14 5 2 118 2 68 -2 22
24 28 68 12 59 12 37 12 17 0 16 84 81 -84 109 28 124
136 4 8 -8 83 -4 120 4 -4
137 4 8 -8 121 4 84 -4 -4
138 4 8 -8 84 -4 122 4 -4
123 4 8 -8 133 4 86 -4 -4
1 2 62 -6 124 2 2
27 2 69 2 4
69 6 24 -122 109 -122 67 6 68 6 10 6 22 2 105 -2 2
24 2 109 14 127 -2 126 -2 12
44 2 78 -14 46 -14 43 2 106 2 2
23 2 129 -2 63 2 4
130 0 1
131 0 1
132 0 1
133 0 1
134 0 1
135 0 1
136 0 1
137 0 1
138 0 1
