73
1 1 2 9 1 2 1 1 2 2 2 1 1 1 1 1 1 5 3 1 1 1 1 1 1 1 1 1 1 4 5 1 1 1 1 1 2 1 1 1 1 2 2 12 2 1 1 5 1 1 1 1 1 1 1 2 1 1 1 7 1 1 1 1 1 1 1 1 1 1 1 1 1
60 2 2
0 2 2
41 2 61 2 2
62 30 63 30 43 90 59 30 4 -30 64 18 37 -54 10 90 65 18 -24
33 -2 0
2 2 57 2 2
60 2 2
66 2 2
6 2 9 2 2
23 2 65 2 2
58 2 55 -2 0
60 2 2
47 -2 0
60 2 2
64 2 2
60 2 2
60 2 2
45 2 53 2 1 2 20 2 35 2 2
61 2 39 -2 38 -2 -2
18 2 2
64 2 2
34 2 2
67 2 2
60 2 2
14 2 2
60 2 2
68 2 2
60 2 2
36 2 2
41 2 27 2 30 2 36 2 2
64 6 11 -6 29 18 25 6 15 -6 0
60 2 2
69 2 2
32 2 2
64 2 2
21 2 2
41 2 69 2 2
60 2 2
42 2 2
19 2 2
7 2 2
57 2 70 2 2
18 2 47 2 2
71 22 6 22 41 22 12 22 31 22 70 22 64 2 13 -2 56 -10 65 6 14 22 49 22 2
31 2 50 -2 2
61 2 2
28 2 2
42 8 69 8 38 -4 46 0 61 -4 -4
60 2 2
69 2 2
60 2 2
60 2 2
22 2 2
52 2 2
60 2 2
54 2 40 -2 2
60 2 2
61 2 2
72 2 2
71 2 51 -2 30 6 26 6 43 6 70 6 8 6 2
60 0 1
61 0 1
62 0 1
63 0 1
64 0 1
65 0 1
66 0 1
67 0 1
68 0 1
69 0 1
70 0 1
71 0 1
72 0 1
